Original data: 
[20001878 20001879 20001881 20001889 20001880 20001887 20001888 20001885 20001883 20001882 20001884 20001886 20001890 20001892 20001893 20000166 20001894 20001895 20001896 20001897 20001898 20001899 20001900 20001903 20001902 20001901 20001904 20001905 20001906 20001907 20001909 20000115 20001911 20001910 20001912 20001913 20001914 20001917 20001918 20000368 20001916 20001920 20001921 20001922 20001923 20000223 20001924 20001925 20001926]
test Sort Maths Grade Increasing:
[20001912 20001911 20000115 20001913 20001881 20001890 20001909 20001922 20001925 20001879 20001888 20001896 20001899 20001902 20001884 20001914 20001883 20001905 20001920 20001878 20001921 20001889 20001887 20001901 20001918 20001900 20001907 20001910 20001917 20001882 20001895 20001906 20001916 20001924 20001885 20001886 20001893 20001894 20001898 20001903 20001904 20000368 20001926 20001880 20001892 20000166 20001897 20001923 20000223]
test Sort Maths Grade Decreasing
[20000223 20001880 20001892 20000166 20001897 20001923 20001885 20001886 20001893 20001894 20001898 20001903 20001904 20000368 20001926 20001882 20001895 20001906 20001916 20001924 20001900 20001907 20001910 20001917 20001889 20001887 20001901 20001918 20001878 20001921 20001883 20001905 20001920 20001884 20001914 20001879 20001888 20001896 20001899 20001902 20001881 20001890 20001909 20001922 20001925 20001913 20000115 20001911 20001912]
test Sort Physics Grade Increasing:
[20001914 20001922 20001921 20001925 20001913 20001885 20001906 20000223 20001897 20001910 20001917 20001901 20001880 20001893 20001898 20000368 20001924 20001899 20001879 20001909 20001926 20001895 20001886 20001894 20001904 20001916 20001900 20001892 20001889 20001878 20001896 20001890 20001911 20001907 20001888 20001923 20001881 20000115 20001912 20000166 20001903 20001882 20001887 20001883 20001905 20001920 20001884 20001918 20001902]
test Sort Physics Grade Decreasing: 
[20001918 20001902 20000166 20001903 20001882 20001887 20001883 20001905 20001920 20001884 20001923 20001881 20000115 20001912 20001907 20001888 20001892 20001889 20001878 20001896 20001890 20001911 20001886 20001894 20001904 20001916 20001900 20001926 20001895 20001879 20001909 20001880 20001893 20001898 20000368 20001924 20001899 20001901 20000223 20001897 20001910 20001917 20001885 20001906 20001921 20001925 20001913 20001922 20001914]
test Sort Chemistry Grade Increasing :
[20000368 20001924 20001922 20001902 20001920 20001904 20001926 20000223 20001917 20001899 20001910 20001918 20001888 20001909 20001883 20001881 20001903 20001890 20001894 20001916 20001921 20001912 20001905 20001884 20001923 20001892 20001896 20001901 20000115 20001878 20001879 20001880 20001893 20001897 20001898 20001885 20001913 20001886 20001895 20001906 20001925 20001914 20001882 20001889 20001911 20001900 20000166 20001887 20001907]
test Sort Chemistry Grade Decreasing: 
[20000166 20001887 20001907 20001882 20001889 20001911 20001900 20001886 20001895 20001906 20001925 20001914 20001898 20001885 20001913 20001879 20001880 20001893 20001897 20000115 20001878 20001905 20001884 20001923 20001892 20001896 20001901 20001912 20001903 20001890 20001894 20001916 20001921 20001883 20001881 20001918 20001888 20001909 20001899 20001910 20001902 20001920 20001904 20001926 20000223 20001917 20001922 20001924 20000368]
test Sort Average Grade Increasing: 
[20001922 20001909 20001899 20000368 20001913 20001924 20001914 20001912 20001921 20001917 20001925 20001910 20001890 20001881 20001888 20000223 20001902 20001911 20001879 20000115 20001901 20001920 20001926 20001896 20001904 20001883 20001906 20001885 20001916 20001897 20001878 20001884 20001894 20001918 20001893 20001905 20001898 20001880 20001895 20001892 20001903 20001889 20001900 20001886 20001923 20001907 20001887 20001882 20000166]
test Sort Average Grade Decreasing: 
[20000166 20001882 20001887 20001907 20001886 20001923 20001889 20001900 20001895 20001892 20001903 20001898 20001880 20001893 20001905 20001897 20001878 20001884 20001894 20001918 20001906 20001885 20001916 20001883 20001896 20001904 20001911 20001879 20000115 20001901 20001920 20001926 20001902 20001881 20001888 20000223 20001890 20001925 20001910 20001914 20001912 20001921 20001917 20001913 20001924 20001909 20001899 20000368 20001922]
 3 highest avarage grade students: 
[20000166 20001882 20001887]
 3 lowest avarage grade students: 
[20001922 20001909 20001899]

Process finished with exit code 0